2 4 6 12 29 37
13 20 23 24 27 45
3 10 14 21 24 30
7 19 23 38 46 49
2 15 21 32 44 48
4 5 13 15 19 39
7 16 37 39 41 43
10 14 24 27 36 38
2 6 12 14 29 49
16 17 25 27 39 42
4 24 29 36 40 48
13 21 24 26 27 46
10 16 17 18 39 45
5 10 21 26 27 28
6 18 23 29 31 33
18 29 31 41 43 44
1 23 28 35 38 39
4 8 11 14 23 39
6 14 15 32 35 43
1 3 14 36 37 43
9 24 26 28 29 38
3 10 22 25 30 48
2 17 20 21 22 23
15 25 26 30 33 39
12 15 20 34 39 48
9 22 29 30 33 46
4 5 7 41 44 49
32 35 39 40 46 47
1 9 24 25 38 43
10 14 15 24 25 32
1 5 20 30 35 39
2 6 15 24 40 43
11 12 13 19 22 26
5 7 15 17 25 49
11 21 23 30 35 38
23 27 34 35 41 45
6 18 36 40 42 44
5 7 8 22 32 33
4 9 15 32 42 43
14 25 26 30 38 45
21 25 35 39 40 49
9 24 30 33 37 38
3 14 21 29 41 42
4 7 8 10 17 30
6 10 22 23 36 37
5 10 13 16 34 37
1 3 5 20 23 40
1 19 27 28 48 49
1 14 24 30 36 46
2 7 21 22 34 37
4 10 22 25 26 37
2 5 7 36 38 44
2 34 36 41 43 46
8 21 32 41 43 48
2 7 25 28 41 48
9 17 22 26 28 48
2 11 13 21 24 37
5 10 13 21 24 25
6 14 21 25 39 43
14 17 18 22 29 37
2 3 18 23 37 38
11 15 18 19 25 49
1 17 23 30 36 45
4 14 16 30 31 37
25 33 35 38 44 48
2 9 23 30 32 39
7 13 17 29 41 42
12 32 34 38 44 47
2 18 22 32 35 39
6 12 15 23 29 32
5 11 27 28 32 40
6 15 18 19 29 33
1 4 21 24 27 35
2 12 13 15 43 49
7 25 28 29 39 46
3 22 26 35 39 43
4 5 19 21 40 41
3 7 8 10 31 40
5 18 24 35 43 49
6 10 11 24 41 42
3 9 17 25 34 47
1 13 14 20 38 40
2 23 25 37 38 46
3 8 21 31 35 43
4 7 14 28 32 39
14 24 25 28 36 41
1 12 13 24 32 35
15 19 28 37 43 46
3 7 8 9 12 13
15 17 21 31 34 47
5 12 27 33 36 38
12 13 17 19 29 31
1 27 31 38 41 49
7 38 40 44 46 48
3 7 21 24 40 47
3 5 16 19 25 44
5 15 23 25 43 49
1 7 23 37 46 48
8 30 39 41 44 49
2 7 22 32 41 44
13 19 23 36 39 45
4 7 10 18 39 46
2 8 14 16 18 46
4 12 16 20 30 34
1 7 10 13 40 45
8 12 16 17 18 47
1 3 13 15 21 25
1 11 14 25 27 31
2 3 18 33 47 48
12 22 26 30 34 37
6 31 32 33 34 41
6 15 30 42 44 46
19 25 41 46 48 49
8 12 30 33 36 47
20 23 24 26 37 40
2 3 10 13 23 44
7 20 26 35 36 38
10 31 37 42 43 49
8 10 16 38 40 41
1 7 11 20 43 45
4 6 10 20 29 43
7 16 20 32 40 45
4 10 16 29 30 46
13 15 18 35 40 43
1 14 15 28 40 45
18 22 24 29 34 39
8 9 33 37 40 48
4 15 21 31 39 42
8 12 15 28 35 43
6 22 30 33 43 47
12 13 23 28 31 34
25 31 34 36 39 49
11 14 18 27 33 34
3 21 24 26 29 46
4 12 20 27 36 47
7 16 19 30 31 38
8 20 25 29 33 48
10 24 34 39 41 49
1 4 5 8 27 28
5 8 9 25 26 43
4 7 26 28 36 41
6 19 23 33 34 38
2 9 15 23 33 46
6 10 25 26 27 38
8 20 36 40 43 48
1 11 12 35 37 47
10 11 15 22 26 41
15 17 26 33 35 40
3 15 17 38 43 47
4 16 19 21 28 49
17 22 31 44 48 49
2 5 10 23 31 32
18 21 28 42 47 48
7 9 16 23 27 42
2 15 16 28 39 41
5 15 20 25 40 49
9 11 16 28 38 40
11 19 21 22 27 42
21 24 41 46 47 49
14 20 23 32 40 41
12 14 19 24 37 47
3 18 22 25 30 45
8 13 16 19 27 44
4 9 15 28 36 39
8 12 16 26 35 45
4 5 6 18 44 49
19 26 33 38 46 47
7 16 21 24 29 46
2 12 24 28 31 47
2 10 26 30 48 49
7 8 10 16 22 25
2 3 25 30 31 38
16 22 41 45 48 49
2 6 15 21 29 37
2 3 7 17 26 44
3 4 16 19 34 39
4 13 25 38 45 48
1 9 18 23 36 49
1 4 6 26 36 44
5 12 14 20 27 43
3 4 9 13 25 47
15 22 24 27 29 34
13 17 23 24 31 33
8 16 23 28 30 45
6 24 29 44 47 48
6 11 27 32 43 48
6 9 17 28 39 47
11 24 27 28 32 40
14 17 19 22 31 40
7 10 12 22 43 44
5 19 24 33 38 46
7 17 30 35 36 39
7 18 26 29 36 39
5 11 23 35 41 46
6 14 23 29 43 44
1 12 18 19 22 35
8 31 38 40 41 42
6 12 18 30 34 39
8 11 28 35 37 46
26 37 38 41 45 47
1 19 22 39 44 47
8 9 25 29 36 44
11 12 15 28 37 49
12 15 24 27 31 43
18 29 41 46 47 49
3 10 12 23 24 43
13 20 23 27 38 41
10 25 27 32 37 39
8 9 14 18 22 39
1 2 8 26 31 38
2 10 25 26 33 41
1 13 21 32 43 44
12 21 28 33 37 44
12 14 26 30 34 45
2 21 26 37 38 47
5 11 20 24 34 41
21 32 38 43 48 49
11 16 19 20 30 37
1 8 10 14 25 34
8 10 11 12 21 30
5 14 22 26 45 47
5 22 26 35 38 43
5 10 21 27 41 44
7 15 21 34 39 48
7 22 26 31 35 44
6 22 29 47 48 49
2 12 23 32 39 42
6 14 16 28 30 47
5 13 14 18 20 41
16 26 27 28 35 43
24 28 30 31 43 49
5 9 10 28 44 46
13 17 22 26 42 46
11 17 24 32 43 45
14 24 30 34 35 44
17 24 29 35 37 47
1 8 15 18 23 26
18 21 23 30 32 41
18 20 24 29 33 42
12 17 18 31 32 38
7 21 23 30 35 48
3 15 22 27 32 46
7 13 20 34 40 41
4 14 17 25 29 44
8 15 28 43 45 46
16 17 18 21 25 26
11 20 23 28 29 34
13 14 20 31 42 45
17 25 34 37 41 46
3 17 28 31 32 34
20 21 29 40 46 48
12 13 15 24 25 33
7 18 27 29 47 49