11 15 28 31 36 48
4 15 27 35 36 46
7 10 13 19 36 38
3 10 23 34 35 44
8 25 30 36 37 47
13 24 34 36 39 47
1 28 30 34 37 38
10 20 23 35 47 49
15 31 34 38 41 44
12 15 19 23 27 33
4 10 24 29 32 40
15 28 36 38 39 46
11 22 30 32 35 39
4 6 9 27 30 35
6 14 28 31 34 44
10 13 18 25 32 44
3 10 11 18 39 46
2 8 9 32 36 44
1 3 17 23 34 48
14 30 34 38 43 46
1 11 14 30 34 36
28 32 33 38 45 49
12 22 28 30 40 47
12 23 31 46 48 49
1 2 5 11 38 39
1 4 25 31 32 41
11 13 14 15 16 36
3 19 20 24 41 49
5 7 10 11 23 34
4 10 21 36 40 46
9 24 27 30 40 48
6 8 17 35 36 41
22 26 37 39 45 48
12 16 21 23 24 37
1 7 14 15 27 47
2 4 5 25 32 49
8 9 17 32 34 36
1 6 26 27 32 36
2 4 11 24 26 43
4 11 13 19 26 27
10 11 12 19 24 34
4 17 24 34 40 47
6 25 27 29 32 36
6 11 23 37 44 46
3 22 23 28 38 43
3 17 28 32 34 48
3 7 9 14 43 49
7 14 25 38 44 49
7 14 15 16 19 25
3 6 7 11 41 46
6 15 27 31 44 48
7 15 18 20 27 34
22 33 37 38 42 45
4 8 15 17 27 42
13 16 17 29 42 45
1 5 17 36 37 42
2 14 24 42 45 47
6 9 13 37 41 43
2 6 9 13 31 32
12 16 21 32 42 45
6 8 14 36 46 49
17 21 30 40 41 44
6 18 23 25 30 34
2 16 26 28 38 42
3 7 23 36 38 47
14 21 32 38 42 44
8 21 23 39 41 43
16 18 20 23 25 37
9 10 25 35 44 45
5 12 34 41 47 49
22 25 33 44 45 49
1 16 28 29 34 43
4 13 16 22 29 44
13 15 22 28 34 44
5 16 24 25 26 47
1 6 23 33 40 45
2 14 28 40 45 47
7 8 14 18 25 30
4 8 13 20 41 47
10 13 15 27 28 31
5 8 19 40 48 49
7 22 34 36 38 46
5 12 14 25 44 47
9 16 20 22 26 49
11 29 31 34 43 46
2 11 20 33 37 46
21 28 34 35 38 46
6 25 26 38 43 48
8 11 20 26 37 48
6 12 39 41 42 47
17 31 36 37 42 46
4 10 27 40 42 47
11 12 28 33 37 48
5 7 8 11 13 34
6 26 28 30 40 48
5 25 27 45 47 49
17 20 28 43 45 49
6 10 28 35 41 44
5 15 21 24 32 48
1 2 7 21 24 35
3 6 18 20 37 46
6 16 27 28 31 36
14 15 25 27 30 49
7 8 14 19 25 28
20 23 25 36 43 48
11 18 25 31 37 49
7 33 37 45 47 48
4 6 7 24 28 31
2 12 16 41 42 46
3 13 18 21 23 38
6 16 20 24 48 49
18 42 45 46 48 49
8 22 29 38 41 47
16 20 29 36 42 49
5 8 15 24 29 41
6 13 43 44 46 49
1 2 12 17 27 40
2 17 20 22 46 48
3 5 11 34 48 49
10 17 19 34 41 46
4 6 10 22 24 38
10 11 24 33 35 47
7 11 29 46 47 48
5 8 24 31 44 45
6 7 17 22 25 42
7 8 17 22 26 38
3 6 26 37 43 45
1 28 29 37 44 49
2 9 21 24 35 43
9 16 21 28 32 34
11 12 15 18 25 29
1 11 39 41 42 46
15 19 24 44 46 47
9 17 21 25 29 38
18 21 28 38 45 49
3 7 10 12 16 43
7 16 19 28 37 46
7 19 21 22 25 41
13 16 20 33 36 38
5 30 32 33 37 46
6 13 23 36 46 48
1 5 21 27 42 44
5 6 9 15 28 46
12 36 38 41 43 45
17 22 25 27 34 37
5 10 16 17 44 45
2 25 26 31 33 48
1 3 14 20 35 43
10 25 34 36 42 44
6 7 11 18 28 34
2 4 6 17 34 49
2 20 37 44 47 49
8 13 29 32 38 44
3 9 19 38 42 44
2 5 11 22 24 31
7 8 34 35 37 48
4 10 18 24 25 48
6 11 16 30 32 40
10 13 23 28 32 49
5 7 19 41 46 49
4 6 8 21 23 46
7 8 20 25 39 46
3 7 20 25 43 48
3 8 14 26 31 43
2 4 14 18 27 41
7 9 14 20 46 48
3 5 10 12 35 42
1 7 9 22 29 41
8 20 22 26 30 40
11 16 20 21 37 42
4 6 31 41 42 49
16 23 29 32 38 41
5 28 30 36 40 46
11 24 29 38 40 45
2 7 9 23 42 47
14 16 19 34 37 43
2 12 13 30 38 46
10 17 27 29 35 45
4 16 30 35 40 45
6 13 14 17 33 46
4 9 10 14 32 48
22 29 30 36 42 48
3 6 14 27 45 49
2 11 15 16 20 45
5 9 27 28 30 48
13 16 20 24 26 37
1 2 13 26 37 44
3 4 5 7 34 41
11 24 33 35 41 47
1 6 40 42 43 44
5 19 20 37 39 49
9 19 28 29 36 49
4 12 16 27 28 30
9 14 16 18 28 29
8 10 21 34 46 48
3 13 23 26 46 47
11 12 25 32 34 47
4 5 8 17 25 30
7 17 18 31 33 37
7 8 24 37 44 45
4 8 14 19 35 37
3 24 28 31 34 36
11 14 20 27 30 35
1 18 27 37 44 47
2 15 31 38 40 48
23 26 39 40 44 49
7 14 16 19 38 43
14 17 20 39 45 48
3 21 31 39 41 43
5 11 32 34 41 44
3 21 27 28 39 40
7 9 12 18 26 48
8 10 15 40 41 43
13 19 32 37 40 41
20 25 32 36 43 47
21 23 29 33 34 35
13 23 24 29 32 38
7 8 10 28 37 47
8 12 19 22 32 49
7 8 9 43 46 47
7 11 19 25 33 41
13 14 15 23 35 44
5 7 20 21 27 41
2 11 18 26 36 41
3 7 8 10 31 46
2 9 17 20 25 32
2 4 7 17 41 48
3 14 23 35 40 49
5 12 15 38 41 48
32 38 39 40 45 48
3 13 16 18 22 31
3 7 30 31 44 48
4 6 20 24 37 38
2 5 30 33 36 48
1 4 24 26 27 30
3 20 40 41 42 43
5 9 13 25 30 47
5 9 19 20 22 44
9 21 23 32 38 47
6 9 10 16 34 44
24 25 29 35 45 47
5 8 11 23 44 48
4 7 16 22 42 46
7 18 23 33 35 36
16 21 25 44 45 47
8 13 15 22 32 42
9 13 22 32 45 48
6 16 24 34 36 39
2 6 27 28 35 46
2 16 19 22 30 39
2 4 18 35 40 41
3 4 8 26 33 38
4 7 10 19 42 45
1 2 5 7 21 27